 K-Means Centroids 

201.13 83.5391 136.661 193.574 174.635 69.1391 141.209 151.061 73.6783 195.757 204.278 165.47 84.4696 70.0783 166.07 161 162.435 200.27 129.887 195.713 216.583 166.061 138.817 190.461 211.635 208.635 195.452 153.739 110.417 214.209 172.443 144.939 
145.27 169.27 178.213 215.584 186.876 60.3933 155.708 179.022 106.596 149.067 140.157 168.64 191.708 102.697 185.393 93.8427 152.719 167.742 142.787 163.101 199.36 134.461 163.843 192.337 217.573 203.551 199.91 191.888 126.809 211.888 189.292 83.9775 
104.688 73.0781 112.25 80.7812 85.6094 114.328 70.5 92.1719 90.7656 163.578 172.047 171.359 79.7812 134.391 86.5469 68.7656 118.281 155.453 152.297 89.6406 48.8281 117.219 159.672 51.3438 154.047 101.875 55.7656 103.156 158.25 100.734 52.5938 112.516 
116.902 180.927 158.134 138.61 177.89 60.561 144.976 181.89 114.024 193.439 102.683 149.415 198.293 198.988 157.598 61.2683 113.073 138.488 103.183 181.317 153 89.5244 180.854 85.6341 155.683 67.2805 195.646 183.671 138.183 162.146 133.317 137.11 
110.54 73.0726 154.871 177.113 138.806 99.8871 194.46 129.847 134.992 151.492 206.073 65.5323 151.081 212.476 85.4355 118.758 203.629 180.702 124.694 190.976 62.371 197.282 141.589 207.274 102.613 69.129 188.411 80.1936 125.919 105.048 102.137 132.565 
142.082 168.773 176.784 192.588 170.454 74.6804 96.2784 169.742 81.6186 170.649 120.021 95.567 194.474 96.8351 67.4433 91.5361 102.289 159.062 87.1031 115.309 108.113 198.361 150.134 80.5464 214.928 151.072 203.928 77.7835 161.742 198.649 161.052 80.1237 
134.677 137.4 145.277 96.3077 80.2769 170.108 103.215 88.9385 111.738 124.985 170.354 103.046 108.292 54.4923 84.8 199.923 84.1231 187.031 198.031 89.2154 139.477 199.523 117.585 146.292 149.877 207.523 53.1077 73.4462 139.938 164.138 152.692 82.7846 
35.5515 111.309 84.2206 173.199 104.456 192.949 184.596 85.6176 105.015 48.3676 102.213 61.2426 151.11 160.169 71.5809 105.978 213.404 62.9926 106.265 101.603 58.25 130.485 70.8456 211.654 45.1397 58.2426 147.36 136.103 98.1397 25.3971 79.8088 185.088 
73.0633 164.646 92.038 76.481 132.671 190.696 160.228 109.709 132.228 106.671 116.316 179.81 81.443 120.57 138.532 136.924 143.987 76.8734 183.671 94.9747 170.076 143.709 76.7721 186.532 53.8228 86.6709 59.5949 177.203 95.8608 68.9494 124.62 201.975 
95.9386 185.333 94.8246 141.921 178.105 160.93 206.93 222.351 105.36 68.6228 176.86 64.1667 101.333 186.939 148.904 154.798 120.211 192.035 33.886 188.132 196.754 152.886 92 204.36 66.7281 71.5877 145.018 100.816 102.447 155.132 222.088 167.737 
76.6639 130.066 126.902 140.869 197.484 122.361 205.918 143.131 84.9754 93.541 110.893 207.615 137.27 73.9508 176.877 113.992 117.148 87.4672 52.0164 154.615 186.508 175.18 74.5 193.5 70.3279 51.7705 161.746 174.984 147.18 174.148 195.533 207.828 
101.424 89.7717 184.25 154.728 76.6522 86.5978 125.239 67.8043 81.8804 216.043 92.9783 215.196 183.913 51.9783 169.37 160.011 97.2935 110.967 205.837 127.239 166.261 164.359 143.228 172.12 176.946 204.62 96.8913 161.293 114.848 185.25 52.0761 152.848 
92.4471 149.941 69.2824 140.6 81.0235 176.459 158.482 112.459 209.118 71.4235 109.729 52.7176 175.612 155.6 65.8353 120.506 170.188 58.6353 109.6 50.4471 152.859 180.929 79.8588 138.4 145.247 184.906 69.4706 38.8471 69.1412 59.3176 126.482 159.918 
99.9528 161.679 196.311 168.038 119.236 176.679 181.528 131.481 160.528 156.17 96.5094 196.528 184.113 195.415 211.849 168.132 139.585 97.8585 197.613 144.934 169.321 124.283 191.368 215.047 82.717 85.0849 179.849 189.528 94.0189 148.075 103.698 212.528 
138.25 183.183 208.337 198.625 201.212 76.2885 204.567 206.26 161.644 185.471 139.115 176.692 191.587 224.144 216.673 107.058 179.76 166.212 139.24 181.577 202.212 82.5 182.029 225.038 113.365 90.9519 196.212 185.904 122.337 214.173 124.471 189.673 
197.299 145.627 93.4776 186.657 136.567 103.03 178.119 174.821 149.09 123.642 186.925 203.03 175.925 195.642 166.448 188.791 156.179 179.224 172.03 187.358 221.299 126.701 110.343 215.836 174.448 144.791 196.866 170.313 60.6866 169.612 130.313 112.328 
159.821 206.705 194.59 122.885 207.385 87.359 214.167 209.013 100.41 191.282 181.538 90.0513 107.59 113.051 126.218 93.4872 169.833 197.308 104.859 159.679 203.641 167.128 139.244 196.308 100.423 104.551 179.987 155.128 179.154 180.513 208.808 166.744 
66.0632 173.495 149.579 191.453 202.558 204.811 192.937 210.263 168.242 149.284 151.516 92.6105 206.558 243.147 69.6737 129.326 239.537 123.011 159.663 165.295 143.737 213.021 57.1579 242.411 132.958 90.3368 187.737 160.474 109.421 96.5158 142.874 206.221 
86.7481 71.563 117.348 194.37 102.556 168.763 225.096 129.815 141.585 126.963 211.207 70.8222 93.5259 208.696 160.667 99.0148 133.296 198.244 41.5259 208.022 181.593 178.689 60.8 211.607 124.267 144.659 166.867 107.496 90.4741 177.985 127.178 201.252 
63.25 90.0161 129.379 171.96 97.2097 175.016 192.847 83.8871 115.056 109.54 96.4032 188.395 158.54 152.653 191.952 157.556 166.323 56.2903 114.774 140.419 152 175.5 75.0242 213.839 53.2742 86.2661 180.427 166.75 102.532 138.742 80.2903 197.347 
57.0714 160.592 119.296 199.235 132.378 161.041 105.847 175.694 87.4796 143.469 102.571 64.1735 197.429 156.52 110.796 75.7653 100.765 100.092 71.9082 86.2449 63.0102 168.684 100.429 54.7347 207.847 174.347 82.3469 91.9286 157.092 150.684 85.7347 138.684 
171.602 145.241 164.526 193.662 84.0526 196.015 71.3985 52.0226 198.902 71.7293 147.857 37.8947 189.316 186.94 65.9173 92.6541 158.068 93.2331 149.842 23.3534 57.5338 101.429 190.474 53.7669 203.91 225.842 95.6015 100.684 159.662 59.2857 127.361 58.9173 
148.692 177.413 161.337 128.327 167.779 92.0096 89.5192 145.442 110.202 115.048 72.8942 96.2788 187.885 91.5288 114.817 89.7981 133.346 66.9231 131.385 45.3173 105.462 109.798 203.471 68.8077 195.048 182.279 83.0769 141.51 163.74 101.529 147.337 79.9135 
182.329 131 162.987 65.0526 166.053 80.6974 151.868 168.289 167.368 197.461 176.829 74.1711 77.5132 142.447 96.6842 73.9079 136.105 199.618 147.671 101.934 148.303 93.1184 198.276 107.395 118.737 66.6579 89.9474 82.8421 140.276 147.684 155.368 97.9211 
105.894 143.577 182.788 95.625 138.096 175.163 144.683 82.3365 193.702 189.769 74.8558 122.519 170 175.298 190.269 193.24 131.663 79.0288 220.317 51.7596 154.519 96.7308 196.385 196.25 80.5865 125.615 81.4712 190.827 135.894 134.692 103.663 128.106 
124.034 95.8202 125.393 138.865 60.8989 176.685 80.2472 61.6966 169.157 174.258 135.303 173.809 168.034 186.303 160.045 165.292 142.337 129.888 213.326 80.2135 134.191 76.8652 187.551 154.236 180.73 216.966 76.1685 186.798 75.236 105.326 34.7079 100.382 
162.329 97.9786 70.85 133.6 55.55 49.9714 97.4786 70.5429 118.779 168.779 172.543 65.6357 214.143 52.2786 73.1643 93.7071 117.471 162.25 102.443 101.707 192.507 183.607 164.757 31.4643 218.436 215.75 76.6857 45.4214 74.5357 173.757 87.7714 66.8429 
97.3932 104.043 91.5897 127.855 62.5983 81.5556 100.453 62.4444 102.231 184.239 117.128 45.094 197.41 44.8291 38.4017 69.8718 129.863 97.5641 100.701 73.2222 74.9829 206.299 196.752 25.5726 192.453 205.051 58.1453 36.6667 87.0513 111.162 71.2564 92.9231 
69.625 129.342 131.892 139.992 138.992 195.992 96.075 74.1167 163.208 60.65 110.65 48.6083 182.158 130.442 47.9 110.292 144.317 72.9083 103.008 33.7583 57.7167 201.9 105.692 70.1417 181.608 206.042 77.175 65.6833 169.375 95.0917 155.875 97.0667 
161.201 128.723 125.088 113.233 84.6289 89.0692 82.7736 157.403 102.535 167.491 178.717 33.4277 123.673 91.5723 56.4654 69.2327 71.0252 217.403 116.145 106.899 88.2327 161.667 202.931 39.1258 220.711 201.654 72.5535 56.4591 102.509 193.019 79.0189 84.6038 
148.962 126.429 141.053 104.06 167.782 57.8271 103.737 172.023 127.556 197.143 115.714 76.9098 210.241 98.2105 111.932 99.9774 85.0827 115.451 110.188 92.3308 173.534 189.481 202.233 36.3534 211.489 202.977 79.3534 46.812 133.331 214.248 135.195 62.6842 
165.253 140.624 185.32 115.101 156.404 98.8034 85.7135 157.466 146.292 181.129 163.202 35.8652 129.14 171.702 73.5562 58.4719 124.315 210.787 128.646 76.8371 64.6798 101.573 212.787 35.7753 217.303 208.815 77.3258 81.382 192.562 160.545 129.253 76.8989 
163.958 148.125 183.802 76.3958 191.594 52.375 106.156 169.448 109.812 182.083 178.979 166.958 162.198 83.0208 179.219 108.979 65.0938 199.51 103.74 126.271 193.906 171.917 182.948 41.9271 158.802 181.042 126.688 114.062 188.625 231.521 180.01 85.3438 
56.757 157.879 178.028 66.8318 173.963 189.673 195.654 174.103 97.3832 132.047 115.037 166.757 67.8131 198.178 208.43 126.15 128.636 122.514 109.953 90.6542 159.187 135.308 132.729 205.056 59.514 61.0654 77.7103 178.065 198.869 164.953 145.785 194.729 
98.7826 150.717 187.554 55.8478 216.413 62.8587 201.359 187.913 102.457 219.935 119.424 212.011 110.837 82.6957 180.239 73.5761 68.7391 166.859 106.196 182.543 200.935 194.141 159.739 96.7174 87.9674 54.2283 144.511 176.652 191.533 218.859 181.685 199.38 
81.1327 87.9694 102.673 60.3367 105.531 84.4184 203.469 136.388 90.7041 168.755 195.133 188.316 84.0918 91.2653 153.449 76.1633 108.969 186.52 65.8673 194.51 189.163 167.459 79.898 110.745 72.9082 66.6837 130.286 150.031 124.561 162.888 112.204 192.122 
94.3108 108.527 183.986 70.6081 165.973 58.3378 162.919 205.297 88.1351 198.608 129.986 201.784 89.1081 121.176 156.419 179.027 82.7838 194.554 148.189 183.703 196.122 186.108 126.824 196.149 85.6892 72.3919 142.73 135.73 146.905 221.014 111.108 155.122 
181.389 101.789 176.256 69.2444 95.8444 51.1111 171.689 108.333 105.989 213.644 161.867 207.889 136.022 80.0111 172.978 124.1 75.0778 195 136.811 183 206.744 182.489 187.678 129.711 71.3889 73.5 198.967 148.633 88.4333 216.644 95.7778 152.233 
68.4653 131.842 99.1089 75.3069 126.297 157.079 160.554 83.7822 124.04 78.7129 122.495 92.6733 157.436 61 148.564 140.307 85.9604 70.6535 72.0198 65.9901 168.228 180.129 88.0792 76.0198 61.7426 163.238 67.4059 75.297 110.901 156.465 156.842 161.901 
92.7912 149.187 183.824 231.253 197.593 215.571 196.868 149.868 147.516 84.5165 197.78 29.5494 178.11 208.78 90.2967 82.6264 184.593 167.055 129.89 95.1978 59.2418 139.736 181.363 206.505 205.505 213.736 150.154 112.791 183.56 129.165 197.758 182.549 
165.848 177.776 168 192.327 162.818 189.933 75.6485 171.467 171.897 171.491 157.218 53.2848 201.776 219.382 74.4848 81.2909 153.915 195.709 164.794 37.697 64.7394 98.6848 213.952 56.3576 216.018 211.394 106.867 123.255 175.867 112.679 140.794 77.4606 
136.106 205.486 75.5986 136.465 79.4296 143.817 68.9648 200.387 140.176 173.88 148.732 77.331 180.465 196.718 77.669 75.2747 148.838 181.746 141.746 121.528 91.9437 66.6268 195.585 66.7183 218.915 187.465 58.8944 119.268 67.169 65.4859 54.9648 80.7324 
107.796 86.3979 182.495 98.6452 140.742 98.957 113.237 150.441 82.5054 173.968 164.247 70.2473 104.817 121.108 53.2796 51.5914 96.5054 203.806 104.161 150.441 74.5484 194.387 130.882 62.4409 145.011 161.613 98.5054 49.2688 201.624 193.828 104.86 179.021 
142.875 85.5147 145.39 115.434 72.7794 52.0221 100.89 70.1176 92.875 196.676 137.294 199.235 200.809 57.125 143.471 91.4926 56.8603 148.11 116.471 104.838 166.294 187.654 162.022 38.9632 210 205.743 89.6691 123.978 94.7059 199.654 58.6838 104.279 
143.788 187.644 169.115 82.9519 186.212 184.962 127.067 172.692 218.288 204.587 83.8942 53.875 201.923 224.846 123.856 91.1731 132.163 120.433 128.971 63.4904 123.481 106.173 205.317 96.8558 115.635 80.0865 92.9615 112.856 157.375 112.558 153.923 105.029 
193.473 133.912 164.659 94.3736 115.604 71.1209 86.6703 160.593 101.549 219.187 154.209 211.385 135.725 97.7582 171.692 163.527 80.5495 198.681 219.11 193.791 208.132 164.714 191.132 115.604 209.857 209.868 129.418 158.604 89.4835 214.297 97.967 103.934 
118.143 93.4898 193.418 78.1122 142.449 145.112 170.02 53.7245 163.265 174.214 117.888 81.102 157.602 142.204 122 84.1429 141.163 94.0918 127.469 38.7551 135.306 183.327 198.5 82.6531 73.551 96.3673 84.8878 78.3878 158.898 100.327 145.255 170.898 
197.945 102.6 206.909 93.2545 128.627 70.1727 97.6273 148.055 136.764 198.891 158.609 72.7909 128.8 111.336 172.191 189.782 78.4727 195.209 138.6 118.727 176.291 169.655 220.464 78.1 120.282 204.036 107.527 51.9091 147.6 221.227 107.909 78.5273 
12 44 0 2 41 41 2 128 169 16 40 9 142 88 8 18 131 67 77 2 2 3 136 32 0 84 0 48 192 87 3 2 
76.9464 88.1071 122.929 116.304 51 83.4821 107.107 75.4464 114.732 160.554 138.393 135.625 185.143 91.8036 85.2679 104.696 90 105.196 99.1607 171.679 105.929 168.268 161.929 66.1071 153.107 95.0714 165.929 97.3571 86.75 81.0179 69.2143 104.714 
100.907 183.279 159.814 102.3 160.107 147.836 58.4571 149.614 190.493 159.014 119.85 70.7214 188.821 211.6 106.043 176.464 131.957 100.979 197.943 48.4571 59.9357 85.8571 193.157 92.1786 151.257 181.3 84.7643 118.186 167.443 100.464 126.571 69.6571 
92.5692 182.508 89.6462 117.954 108.477 190.1 107.038 186.508 109.223 65.4154 184.354 23.8154 87.6462 165.815 56.8462 58.1077 122.246 195.3 81.8 100.262 87.7385 142.623 115.331 66.1154 192.346 197.015 45.7769 63.4385 104.808 114.992 138.054 169.762 
71.6835 91.7342 203.57 95.9494 200.709 122.152 171.241 147.127 114.506 161.354 118.823 61.9494 70.0886 150.646 118.519 96.2152 94.481 167.684 84.3165 76.7342 70.7595 166.076 119.911 106.456 73.5949 119.063 69.5823 80.962 208.899 166.684 170.089 178.633 
82.5493 187.451 99.8451 58.5634 88.9014 173.254 136.324 209.648 165.352 104.211 176.437 129.676 79.1127 189.113 93.5493 123.141 115.535 190.324 129.479 171.549 131.127 157.676 80.9155 110.972 111.423 88.2394 68.4507 78.3239 102.789 111.803 105.958 186.479 
189.58 76.2029 130.29 195.797 46.1739 102.029 113.42 134.058 171.174 136.768 219.536 40.029 87.8696 200 75.1304 127.551 157.188 227.957 121.638 195.478 115.87 180.101 76.7101 161.145 201.696 213.667 179.536 23.5217 82.3623 175.768 114.29 57.0725 
162.233 176.707 52.0345 167.655 120.56 113.621 80.6466 149.284 127.776 70.6034 165.353 60.681 197.612 96.2931 44.0259 99.2931 161.474 114.862 108.552 65.181 104.552 87.0086 135.672 50.2155 211.552 205.284 88.5862 95.1034 99.5086 76.3276 154.81 49.2241 
88.7759 187.276 91.4224 107.267 179.509 188.897 160.81 189.836 160.103 76.1121 116.121 38.9138 122.216 168.431 83.1983 59.4655 142.216 66.9224 78.6724 75.0603 80.4828 92.2155 115.543 92.6724 105.819 90.8362 49.7155 104.043 147.172 43.069 172.069 180.457 
161.849 193.593 106.64 183.14 118.209 71.6279 120.256 190.93 61.3837 104.256 170.14 61.3488 113.453 106.012 74.1512 87.5581 133.57 184.395 90.9186 195.86 110.407 57.4884 160.023 126.872 192.012 154.849 172.5 121.884 84.6977 113.86 148.198 97.2326 
120.269 167.673 154.26 110.933 180.827 212.096 169.904 104.952 209.74 65.4519 132.192 56.6154 154.24 184.394 101.817 186.154 172.231 85.8942 204.462 36.5673 104 153.346 159.452 209.519 57.0192 102 72.5 103.375 176.74 60.4519 190.933 162.885 
187.632 95.6176 103.882 120.588 70.6029 96.75 97.1618 79.6765 146.485 138.897 134.074 188.647 152 62.6324 155.015 203.529 81.1912 146.632 195.559 195.544 197.059 157.691 99.0735 174.926 139.897 105.059 165.691 135.985 50.9706 170.779 85.6176 94.4118 
76.8462 179.857 175.78 53.3517 219.022 189 180.33 183.187 137.286 121.582 98.2198 138.934 150.659 191.945 139.516 80.6593 157.297 58.5055 170.319 45.5714 139.341 107.758 185.044 129.187 64.3187 50.5824 69.6813 175.549 195.286 71.9121 170.846 197.736 
87.8252 91.1845 209.641 89.0971 169.883 91.2427 159.282 74.1165 102 216.272 91.0971 205.359 176.155 86.4175 188.136 88.6796 77.5728 82.3495 125 75.932 153.689 194.359 181.35 85.466 87.7379 99.8447 108.495 172.029 187.107 201.699 101.913 180.408 
67.2411 176.795 201.946 197.634 202.196 158.652 128.455 162.562 120.196 135.607 94.8036 182.643 182.473 190.366 193.589 99.3571 153.018 95.2857 169.321 76.4821 128.625 101.161 169.589 197.429 186.964 192 101.509 220.188 168.875 178.795 129 168.973 
178.113 101.726 197.887 183.976 180.734 54.2016 92.1855 166.331 61.2258 189 164.758 179.129 132.532 106.065 168.766 80.4032 102.871 211.879 125.113 201.952 135.427 112.298 189.444 102.984 218.629 185.347 178.718 159.161 159.379 222.379 83.0484 94.4516 
135.611 75.6204 184.667 171.435 115.667 75.5093 98.7963 70.9352 152.167 188.269 153.972 194.694 191.352 149.398 122.481 189.315 169.083 171.361 215.065 157.907 110.546 162.13 179.796 177.657 173.25 186.167 197.333 155.806 146.509 156.759 92.5648 76.0741 
178.806 86.1389 131.194 215.185 43.7315 35.6667 121.102 126.556 141.5 168.731 215.13 194.565 127.111 113.926 170.231 116.046 119 220.417 75.463 230.963 214.972 182.593 70.2778 164.241 213.028 205.287 212.352 135.963 69.7407 204.139 97.3148 79.0648 
122.908 156.069 198.149 131.805 160.276 78.8851 157.184 132.092 120.839 208.828 84.092 205.667 203.149 86.0345 191.391 200.77 118.172 88.1954 200.425 126.471 178.391 155.747 209.333 197.632 104.161 97.5517 193.943 190.08 148.805 204.517 148.805 103.897 
166.98 125.245 222.52 123.592 212.398 68.8878 193.337 157.622 77.5306 212.806 164.684 198.582 111.847 97.898 193.531 173.643 139.133 208.541 205.969 195.153 197.418 126.755 223.684 192.684 89.8878 136.592 172.796 181.265 179.194 231.194 176.796 188.418 
82.15 123.588 213.312 129.762 208.613 106.012 208.337 156.512 157.4 206.538 126.475 114.938 177.887 187.262 186.538 173.663 151.087 131.887 131.288 117.925 178.562 213.387 169.825 212.262 60.825 94.5625 187.488 111.3 184.775 206.212 193.25 198.65 
121.492 176.779 193.148 88.0492 197.787 203.893 168.008 178.615 182.852 163.525 167.164 39.7213 61.6803 212.91 107.311 142.516 175.689 186.352 216.975 64.7869 119.803 101.787 201.303 210.959 62.3279 111.451 71.1475 129.443 191.893 90.7787 179.992 185.156 
82.575 109.625 121.988 83.525 97.625 115.85 185.137 130.025 107.062 164.95 208.413 57.75 117.9 104.938 129.887 148.675 168.75 202.75 151.488 122.713 188.413 162.25 161.8 192.15 95.7125 206.175 28.95 70.225 103.363 169.413 99.5125 171.15 
107.552 181.784 196.232 176.112 236.184 133.656 219.272 228.808 102.672 193.456 161.288 203.376 113.408 217.016 207.816 136.368 155.152 203.472 114.08 205.28 212.016 196.216 122.16 231.672 83.736 74.792 181.896 180.872 172.48 221.2 227.096 209.896 
74.7881 171.542 167.822 213.356 214.297 146.737 193.373 230.534 96.1102 171.831 194.034 188.415 146.661 216.695 190.873 123.076 133.89 218.847 74.6525 206.322 201.254 188.068 74.483 217.254 188.373 211.975 183.653 165.542 166.712 220.136 205.975 185.449 
82.3145 192.581 111.427 182.629 135.613 97.2823 219.992 187.556 71.7258 92.3468 162.274 198.105 102.944 49.2016 176.339 140.734 127.694 157.177 105.669 212.403 211.613 181.435 69.629 218.234 120.597 152.306 175.25 173.855 87.7339 158.492 195.774 214.871 
36.5417 170.018 114.732 164.565 208.631 197.786 184.744 160.613 73.006 65.6429 97.8571 178.274 133.982 200.446 114.095 145.202 226.952 68.3393 140.31 141.595 137.399 152.905 44.7798 236.47 57.4286 60.4821 153.351 202.131 160.929 72 186.274 209.649 
150.683 93.9208 137.465 148.713 124.98 183.594 134.96 141.604 168.614 118.178 152.485 203.287 71.4851 193.802 181.604 203.337 115.168 202.871 179.515 184.049 167.634 137.545 101.475 222.01 78.3366 99.1287 165.248 144.307 110.03 179.277 89.198 146.594 
71.2408 198.298 95.7173 192.435 125.55 148.581 199.476 214.487 109.361 56.9529 192.346 202.309 99.3037 195.932 169.251 82.6754 123.084 193.304 47.0733 215.832 199.932 142.351 45.8063 225.419 148.466 90.733 170.12 166.152 75.3508 158.613 170.801 192.77 
78.2262 164.06 101.107 222.107 203.655 168.607 217.94 187.488 75.75 61.2738 200.571 102.083 134.25 154.31 90.881 102.5 218.464 184.69 103.69 182.964 176.488 156.393 67.0476 233.202 198.476 204.869 157.167 189.226 85.5833 152.655 201.857 190.214 
44.7358 185.663 112.756 173.496 176.598 175.415 202.622 204.996 75.7439 70.9959 122.789 206.085 76.2764 201.894 187.35 185.024 152.626 159.463 129.63 184.154 193.167 151.886 52.0285 242.707 70.6789 82.6545 166.427 185.841 98.2358 159.313 194.118 212.98 
81.1932 197.057 103.011 223.636 131.193 185.136 203.432 188.307 135.136 102.455 126.091 113.83 184.761 159.67 181.932 121.568 198.545 108.875 134.898 136.557 199.909 108.784 124.432 219.75 211.136 219.523 142.557 200.33 78.5682 144.773 142.636 218.727 
73.505 143.99 192.465 196.574 217.96 196.574 206.485 141 94.5149 95.5545 150.238 51.3366 101.02 177.535 149.416 132.337 186.941 144.881 101.97 104.02 140.515 167.416 132.465 213.683 74.0297 132.188 142.505 168.455 201.515 161.812 219.515 203.277 
64.266 169.33 134.564 208.851 196.787 197.691 170.553 170.979 123.862 54.0745 117.713 55.8085 164.532 202.043 97.4468 103.947 206.16 67.5426 69.617 47.2872 115.755 176.67 75.0426 209.543 154.979 210.798 95.0851 129.309 162.989 113.447 180.245 168.436 
101.072 56.4414 212.477 204.865 169.721 65.2342 201.874 116.243 88.1622 185.216 173.568 195.081 104.243 86.8739 171.829 140.315 122.55 187.171 71.1622 179.964 174.081 208.712 75.964 185.45 149.054 182.748 215.441 140.613 188.883 235.279 181.532 149.405 
81.1045 138.687 198.97 164.045 177.642 167.149 158.478 93.2836 83.7463 204.254 189.567 203.925 189.075 84.7463 151.612 122.284 166.224 185.194 167.537 76.0746 191.94 219.687 162.955 193.761 178.612 217.642 125.657 175.03 170.119 193.97 184.388 190.701 
72.1212 182.621 132.848 157.803 122.667 165.455 211.106 219.258 74.6364 209.258 189.424 189.318 174.803 155.576 183.742 168.576 137.348 206.682 146.924 189.985 190.591 198.591 104.288 225.394 83.3939 98.5909 173.864 170.03 123.879 162.515 101.318 213.227 
89.5714 138.024 192.393 182.143 116.905 59.1548 184.262 176.286 77.9286 201.762 209.083 183.595 164.25 110.619 170.131 97.6786 112.345 213.881 126.512 204.702 189.524 204.143 208.167 164.833 190.214 199.881 178 143.881 104.571 209.631 121.19 206.56 
65.0138 131.717 89.1724 206.469 114.49 183.007 178.662 140.938 110.69 70.4069 211.49 24.7793 67.9241 180.434 58.4414 102.283 215.407 184.766 97.0138 172.421 74.5655 157.8 60.0828 206.634 185.262 213.076 146.717 76.2138 112.434 59.3931 158.855 165.862 
85.6667 166.861 110.194 181.389 201.667 177.417 131.056 192.264 94.5694 78.5417 118.569 196.278 188.319 120.944 172.014 205.681 99.4861 107.056 167.167 168.681 163.722 119.028 87.1528 199.431 147.486 160.639 146.5 194.028 153.597 177.792 162.264 135.361 
52.9831 183.847 59.1271 171.424 182.136 167.5 180.246 190.237 131 74.8559 98.3814 91.3729 178.076 176.492 104.39 65.2203 197.068 53.7203 64.3898 104.729 134.483 68.6271 76.4407 198.983 95.7797 39.9153 146.644 177.941 76.1441 49.2288 151.542 174.873 
41.6376 148.289 79.4362 186.879 183.732 200.544 160.597 162.859 78.7181 46.4295 116.899 133.919 176.544 185.121 77.8523 76.4631 205.04 76.443 115.141 142.436 61.2617 138.336 49.8188 225.349 203.664 88.9597 166.523 193.537 143.503 58.3758 164.597 192.416 
131.349 78.7209 144.86 193.233 71.0581 144.221 70.907 100.36 158.384 121.453 179.105 170.419 121.523 195.849 82.6047 92.0233 119.93 213.919 202.174 177.267 65.7442 156.256 102.267 111.314 215.174 208.523 136.012 128.5 79.4302 173.942 57.6047 103.64 
0 0 0 0 0 0 0 0 0 0 0 0 0 0 0 0 0 0 0 0 0 0 0 0 0 0 0 0 0 0 0 0 
112.136 180.773 58.3977 160.341 122.284 168.773 189.966 186.568 169 68.625 121 100.455 191.011 169.568 155.966 178.33 185.159 68.8409 93.3295 131.364 197.716 122.841 101.114 220.011 54.9432 74.7386 185.705 144.477 63.8182 79.9773 179.5 167.886 
175.873 138.773 143.073 146.7 99.2455 135.991 96.6273 130.309 208.045 156.945 159.3 52.2818 199.927 190 49.4182 142.855 134.491 165.145 129.655 81.1636 108.473 209.064 164.318 66.7727 204.445 203.955 92.0273 34.2909 89.9727 112.118 130.073 54.3273 
112.105 80.9053 156.537 214.232 118.526 110.8 181.684 101.547 82.8526 159.558 222.516 48.1684 145.895 137.305 61.9474 175.253 221.126 196.105 228.495 148.442 109.495 211.642 216.474 202.821 202.347 232.737 139.653 141.389 113.389 110.137 113.389 173.063 
110.529 201.587 163.05 214.95 157.347 173.066 197.471 224.562 169.62 196.628 220.314 44.0992 189.711 239.281 76.8512 140.81 234.769 227.364 213.942 184.521 143.95 174.124 180.727 229.835 217.198 221.471 159.455 143.471 86.6364 122.727 126.24 183.826 
149.671 142.763 133.553 127.605 97.1316 198.145 181.329 104.105 197.658 167.316 200.658 54.8684 139.684 201.947 137.803 196.421 194.605 150.184 204.053 121.513 186.776 152.724 201.184 199.632 82.7368 124.289 141.75 140.079 89.2895 83.3026 141.053 184.711 
160.853 148.735 204.627 151.255 189.48 162.696 182.882 191.961 155.824 209.343 190.98 92.2549 83.0098 227.745 108.186 138.569 218.127 220.775 214.402 173.324 169.49 139.843 191.637 221.294 78.4804 92.0196 197.647 168.902 154.029 110.275 168.304 188.784 
87.5113 181.985 86.7068 180.692 171.571 194.789 197.85 217.12 146.045 57.0752 202.827 74.4135 68.7293 214.511 76.2932 151.534 214.519 209.632 146.729 187.233 146.692 136.571 71.812 243.075 68.3308 84.9173 149.602 141.105 84.203 64.5865 200.624 187.256 
39.1572 171.516 101.736 162.792 207.289 219.503 185.157 176.742 142.472 69.283 108.013 39.0377 170.031 206.805 95.2767 181.075 215.308 57.0189 140.465 65.5723 100.201 136.333 71.673 234.459 45.7044 67.0503 101.541 122.302 147.887 48.9371 181.358 196.308 
37.2335 177.695 71.3174 166.216 188.222 183.683 185.659 185.647 93.4731 57.4072 99.7126 167.916 121.868 186.216 92.2575 145.174 220.952 70.2156 136.491 161.449 187.617 155.563 37.2934 246.377 80.515 68.2216 155.012 191.719 33.1557 33.2814 187.796 211.425 
30.242 160.866 58.465 187.217 124.146 184.312 190.172 168.809 109.223 36 111.344 27.5669 138.631 203.49 52.8471 103.764 203.86 88.0191 62.121 154.401 88.3057 166.783 48.879 235.975 82.242 68.7006 146.013 76.9363 52.6688 39.5796 176.93 179.49 
60.2073 56.7195 102.012 181.585 77.1219 184.061 129.341 89.5976 128.878 37.4146 189.427 63.6585 120.024 164.476 98.8902 191.378 128.085 162.427 89.8902 168.39 76.8049 157.037 78.0366 193.268 105.439 197.39 136.537 50.5976 119.841 141.988 128.146 130.732 
105.824 59.7294 91 174.482 89.7882 136.682 94.7294 55.1529 124.976 99.2588 107.106 110.647 191.871 82.6118 153.871 175.353 102.8 67.1882 91.7882 61.4353 164.094 183.624 100.753 92.0471 183.271 214.259 79.0706 91.3647 98.4941 173.976 81.7529 82.5059 
127.254 178.254 93.7164 194.239 72.7761 102.97 153.716 198.433 112.657 46.8358 215.896 93.8507 109.388 75.1343 163.313 149.418 119.761 198.91 46.9104 197.179 204.075 158.478 70.2985 184.328 151.075 166.119 175.06 100.224 79.0896 166.209 178.776 70.194 
150.69 162.81 75.06 220.94 69.08 177.52 185.62 203.51 183.33 40.89 205.71 29.26 129.71 195.71 60.27 101.93 148.48 199.06 41.26 199.39 141.06 150.88 68.56 176.91 172.53 160.08 178.4 42.64 67.86 94.4 155.99 144.78 
79.2705 58.8115 108.328 216.09 78.4262 86.3934 161.811 85.1148 76.2213 89.1803 213.041 117.893 96.6639 53.6639 141.574 115.189 162.172 167.402 94.3279 200.107 157.902 153.016 78.6967 182.033 192.123 218.467 160.508 155.344 87.5082 146.238 111.246 128.443 
122.858 142.208 94.4717 208.623 61.5566 87.9057 125.349 107.217 81.5566 69.3868 134.311 202.755 200.981 62.3585 160.764 121.915 114.189 149.783 75.0566 199.075 203.292 149.358 69.0377 181.358 208.34 179.887 181.708 142.991 54.5849 166 114.189 82.3679 
182.202 154.213 102.574 135.723 127.596 133.968 103.191 116.936 104.085 102.766 166.202 199.404 163.33 66.9043 150.415 172.277 167.032 132.415 209.33 101.819 209.362 88.1596 140.064 196.617 182.394 203.862 82.6064 200.894 107.191 152.106 142.798 104.468 
155.549 98.7683 118.5 171.439 115.817 95.1707 188.39 112.159 141.951 201.963 175.122 92.4512 108.732 177.537 106.988 74.4878 211.049 178.439 193.805 132.378 138.451 60.4512 191.061 201.146 154.671 122.037 111.598 189.415 90.561 89.3781 72.1829 183.159 
126.871 71.1584 150.228 146.98 118.307 167.822 191.406 81.4356 129.772 186.99 196.257 163.802 123.446 153.881 101.842 118.228 217.119 184.713 207.089 155.822 162.624 176.069 153.653 196.545 109.594 86.8317 181.119 186.178 101.495 75.901 103.208 155.644 
107.097 122.971 135.621 182.456 95.0971 212.864 170.777 64.165 170.34 109.485 117.592 78.0291 171.495 173.65 92.6019 149.223 185.107 64.3592 208.184 62.6893 79.233 92.6699 168.806 208.66 146.35 97.4466 103.961 171.165 122.495 37.0194 58.5146 175.097 
104.753 73 190.831 206.714 113.571 94.4545 197.117 71.5325 94.8571 168.286 130.532 72.4286 176.649 101.688 135.519 76.7662 154.078 94.987 70.4416 111.675 139.818 172.143 180.13 166.701 124.792 172.753 188.195 159.143 141.507 159.532 92.3766 178.766 
104.466 186.973 69.3151 85.5479 84.7123 191.479 82.3699 145.589 179.37 105.548 124.411 165.767 184.425 191.082 145 145.205 147 94.5479 197.315 90.5205 147.918 75.3562 159.534 165.466 173.096 93.137 62.5069 193.247 69.2055 41.7945 63.9589 107.397 
134.882 171.778 159.869 181.333 168.386 164.627 57.3595 150.758 153.895 102.026 140.523 174.248 136.51 194.83 90.7778 113.203 181.458 151.614 218.614 138.353 56.3268 84.1307 149.353 188.34 204.17 185.176 141.837 212.758 149.824 77.0523 150.379 81.5752 
202.065 181.182 124.87 206.948 170.455 140.792 144.143 169.143 176.052 152.299 188.182 41.3636 212.026 166.286 72.5455 154.779 198.675 198.429 200.779 79.0909 153.247 136.909 201.532 196.883 201.299 225.312 171.532 109.403 146.727 131.74 203.883 69.8571 
196.892 128.758 202.642 169.683 158.108 93.2833 104.525 150.425 136.325 227.025 190.233 52.6 192.883 128.05 110.233 106.725 168.033 209.775 176.708 79.0583 203.183 159.925 228.725 119.308 224.125 233.017 101.967 119.917 160.467 233.308 120.475 94.65 
94.3136 169.229 160.271 110.881 210.492 179.203 125.958 166.983 141.898 187.805 114.525 41.7542 143.415 187.483 81.8898 51.2203 149.144 100.72 128.559 41.7203 61.1949 120.212 207.144 43.9322 166.508 183.034 78.0932 121.034 196.051 99.5932 165.517 193.932 
165.84 183.745 205.491 115.802 179.085 98.3585 100.443 198.915 162.104 179.547 179.321 46.3774 109.113 180.868 90.6038 145.009 155.406 204.34 215.302 87.4057 117.708 137.189 194.491 141.349 199.906 217.613 70.6226 91.8208 181.075 199.453 192.462 76.6792 
160.885 111.219 141.667 153.323 93.25 109.083 71.6771 165.583 170.052 167.604 175.438 38.6875 71.1354 192.01 75.125 140.917 187.927 215.104 204.438 132.01 72.4375 82.3958 175.208 162.708 190.667 206.25 99.5625 69.6875 102.219 107.875 86.7812 50.0625 
169.387 184.877 220.094 220.613 186.368 139.821 109.415 201.453 166.849 228.745 194.491 68.4906 217.972 229.453 98.0849 109.425 193.34 220.594 235.509 83.0189 180.726 122.047 228.821 212.509 231.028 233.896 109.689 207.745 179.858 216.217 155.934 111.896 
146.674 188.185 139.12 167.304 172.793 165.446 142.087 185.011 167.446 171.272 157.663 188.109 201.543 212.75 159.717 188.511 210.739 112.717 222.326 158.304 166.011 103.043 159.359 221.065 175.913 105.185 185.489 213.478 128.37 85.2609 144.87 110.217 
147.17 84.97 216.83 205.12 177.46 179.81 157.48 148.52 170.83 197.4 177.89 184.44 178.98 224.32 178.82 147.58 174.83 197.84 219.8 115.78 155.99 167.4 182.54 215.52 204.92 220.18 136.83 172.36 178.43 213.64 110.66 193.8 
96.3038 145.861 124.063 191.063 86.6835 161.646 131.494 191.848 126.456 78.1772 173.595 194.975 148.329 163.759 147.418 130.481 165.646 179.557 168.861 116.114 165.076 147.215 71.6329 208.582 194.734 217.506 70.9367 150.506 99.7848 166.316 54.3544 125.911 
90.5556 183.13 115.296 196.009 176.537 188.806 143.093 208.704 147.194 79.2037 206.676 171.676 161.769 222.269 81.9167 83.0463 223.546 195.194 187.213 162.185 130.87 110.815 91.3611 224.843 222.685 155.657 173.324 191.907 104.972 84.2778 158.278 196.269 
89.2209 82.1047 168.163 222.953 91.0116 85.686 204.244 123.709 103.605 203.837 217.326 188.36 171.849 137.465 175.558 160.884 212.477 217.64 217.791 205.93 186.767 175.291 157.523 209.907 212.57 228.93 185.826 152.326 76.7558 192.151 88.5116 160.186 
66.7364 69.6279 144.302 178.822 108.961 173.465 212.643 106.341 157.659 157.047 211.248 182.953 101.054 212.845 163.977 195.512 204.814 204.713 186.791 189.899 170.442 165.605 81.1473 219.333 108.101 153.233 164.744 146.109 103.442 173.798 93.7907 203.333 
77.6642 91.9478 103.507 210.343 120.09 84.3582 153.396 180.903 79.4925 169.925 222 205.388 99.7761 152.784 171.56 98.7463 124.963 216.694 47 228.716 202.41 161.694 55.5522 169.007 210.537 200.269 164.545 132.261 85.0149 196.373 115.739 172.321 
140.283 137.142 197.735 97.938 172.345 88.1858 73.6726 97.115 116.841 202.301 125.23 187.204 178.991 122.327 170.089 129.735 97.6106 145.168 220.044 61.9558 135.973 134.558 202.027 43.5221 197.699 216.54 100.991 184.885 182.327 207.85 129.805 83.6372 
145.08 189.293 145.107 70.2933 129.12 106.747 112.693 163.573 121.267 204.547 91.9467 216.267 185.293 123.2 170.147 94.7867 82.8933 113.8 165.947 132.64 198.893 80.84 205.24 79.2 163.32 71.96 76.32 193.173 88.8133 148.133 84.68 147.213 
121.924 185.864 228.085 80.7542 213.136 139.729 145.288 182.636 169.102 206.356 116.763 190.297 135.212 206.771 202.551 147.144 139.559 140.627 227.805 76.5593 175.153 115.729 198.305 189.797 96.6695 132.331 77.0678 216.356 200.093 197.746 129.831 183.449 
169.279 212.346 152.442 86.6442 183.923 104.933 177.173 223.192 105.51 175.029 167.029 194.692 84.2212 161.933 190.423 137.471 136.692 203.663 195.077 198.577 209.337 93.2885 199.096 214.096 98.9519 96.0385 161.481 205.202 120.385 167.087 189.077 213.231 
151.012 209.488 91.3256 70.814 169.465 180.953 163.465 205.116 172.326 110.756 169.081 142.919 91.1395 180.116 153.942 150.965 158.535 143.453 211.616 80.8023 196.686 88.6163 162.674 185.128 79.3256 94.4651 59.1628 197.686 116.047 81.7674 180.791 177.547 
124.04 198.18 164.62 176.773 224.54 209.467 186.78 202.307 166.607 142.593 120.513 95.6 171.433 221.153 130.073 93.8933 202.113 110.873 185.827 137.44 170.34 83.4867 180.84 232.033 92.9933 72 184.6 210.587 150.547 92.7133 184.433 212.453 
73.6573 138.175 196.671 169.531 176.497 195.133 179.448 119.762 148.042 128.706 99.8112 161.028 117.622 193.497 111.762 92.5874 197.559 90.2448 172.483 132.811 95.2727 100.818 126.028 218.42 54.2028 61.1958 160.49 210.65 162.944 58.2378 115.329 203.783 
75.5714 115.01 191.398 176.592 172.133 92.4184 171.112 172.908 62.3163 169.398 153.112 191.296 85.6327 191.122 201.49 95.5408 128.102 195.622 76.8571 210.071 152.082 99.0714 159.367 201.612 86.3367 57.7857 170.235 189.49 155.112 196.561 98.7245 193.612 
98.5965 94.8947 167.351 96.8421 108.667 74.0351 115.702 128.789 87.8772 138.246 158.965 190.298 80.5439 80.4561 163.263 172.211 93.9825 194.596 206.193 164.754 141.877 93.4561 162.772 199.579 69.1404 192.825 89.5965 165.456 139.912 194.14 70.8421 138.351 
103.242 75.183 122.595 172.268 115.15 59.0719 223.51 126.922 79.6863 182.412 154.02 214.954 113.601 87.3203 182.693 162.418 125.046 190.32 58.4314 214.039 200.948 179.15 70.732 203.353 81.4379 102.431 184.242 139.17 80.1765 195.418 117.497 217.314 
81.0441 125.875 107.728 166.382 124.397 141.978 211 204.404 161.647 108.265 209.147 205.721 92.4044 213.066 182.147 177.368 122.537 222.022 51.8088 226.11 213.912 168.25 43.0956 230.838 64.7647 64.8088 175.86 131.162 78.0882 200.368 132.676 195.963 
39.3977 86.4971 109.83 174.199 113.62 161.538 195.602 118.585 83.4094 61.152 144.994 156.058 55.0468 179.135 119.801 97.5497 151.029 171.69 78.0936 180.497 145.404 173.655 34.0994 231.749 60.924 57.848 156.088 153.012 80.5614 107.655 105.906 186.234 
76.8456 159.208 60.1611 173.235 94.6778 186.738 171.362 151.866 149.121 46.302 200.617 115.752 119.631 197.886 64.0537 158.537 213.309 136.745 176.081 174.107 87.8926 97.2483 52.2148 236.611 133.101 83.9195 155.718 150.161 43.6376 29.5973 89.1007 180.523 
101.908 91.1429 153.227 105.866 66.6723 202.471 95.7059 60.0924 189.218 173.294 127.689 36.4874 151.126 178.647 76.4874 93.9748 135.412 119.134 147.168 27.8824 37.4706 155.992 185.941 58.6134 172.513 196.706 56.2857 68.7563 132.849 58.4958 61.1345 97.8739 
152.128 179.171 155.219 125.722 163.845 218.888 74.5187 179.08 174.914 90.4492 167.722 39.3636 100.176 218.166 76.4973 56.4385 147.914 181.968 201.294 40.8556 56.3102 89.0588 195.583 60.8824 223.374 213.487 54.6471 121.562 182.583 80.1176 161.332 77.2834 
136.98 158.55 131.25 87.44 132.11 136.94 108.52 175.8 98.86 194.1 162.67 111.39 86.69 148.91 163.5 55.35 73.82 202.62 113.82 131 173.34 145.02 163.23 68.99 152.65 187.84 50.15 135.73 113.64 179.58 94.78 200.67 
95.5135 110.649 99.2162 73.045 114.333 57.982 142.829 78.4685 117.523 199.973 114.721 104.27 195.153 56.9459 149.495 142.324 82.8559 113.694 82.8739 87.982 189.631 191.766 179.946 53.6577 65.964 156.351 62.6216 79.2342 102.658 173.342 93.2072 161.676 
98.5982 179.089 194.786 80.8125 202.107 93.0446 195.554 179 113.661 214 105.17 76.4464 190.214 119.045 168.429 92.7589 86.5625 115.661 106.554 78.5 185.402 213.25 207.589 60.0179 92.5625 140.482 97.7679 89.8839 184.946 206.67 169.812 183.536 
67.9773 185.75 122.08 109.08 166.943 97.5795 113.477 194.761 75.3182 94.75 142.67 192.375 134.023 115.466 125.034 61.1136 90.6364 154.852 88.4659 147.25 148.295 162.875 85.1591 76.1932 188.182 177.125 68.9432 167.67 154.875 164.534 155.08 146.193 
146.337 101.843 91.2048 209.506 94.4458 44.6145 134.566 152.446 109.627 186.687 166.94 92.9157 213.446 76.241 140.253 114.988 110.687 162.614 79.3735 181.12 205.867 185.675 99.8916 73.1928 221.554 206.542 164.133 120.398 68.7229 198.578 89.5783 109.578 
144.364 153.868 67.0083 182.686 57.7107 200.893 81.4215 94.9339 175.331 82.7438 173.983 42.2893 167.099 173.612 61.2645 178.992 186.281 135.562 223.165 55.7686 82.1818 85.6033 156.157 188.008 188.008 227.339 65.3471 98.4628 63.8843 49.7521 104.438 54.1157 
166.121 69.6729 92.3738 212.757 60.7757 68.8785 103.336 93.8224 88.1869 115.121 217.86 48.215 142.888 75.9626 43.785 100.85 143.047 200.449 86.0467 193.757 105.178 165.159 109.841 103.832 218.346 221.112 175.486 29.5607 66.215 166.981 125.112 66.9065 
165.887 91.9478 221.93 109.6 176.791 135.557 186.548 110.096 199.557 209.591 160.113 76.1565 107.365 172.522 172.078 152.322 159.252 190.13 207.061 65.713 151.974 147.087 213.713 204.957 65.8696 161.417 82.5565 128.609 182.757 202.035 105.843 154.322 
157.399 63.3043 198.587 125.884 86.7174 77.3696 91.2319 53.6667 124.899 184.986 174.667 73.6377 175.899 69.7754 98.1449 104.623 70.7246 195.551 121.833 99.0652 90.442 205.116 208.565 32.2391 203.094 211.841 111.406 41.3406 148.486 216.609 84.2899 51.6957 
127.15 98.78 108.66 97.43 105.8 72.13 186.85 174.62 109.66 138.06 204.2 82.07 112.56 88.19 143.45 87.25 104.07 198.14 43.66 181.77 183.32 184.1 100.46 62.62 85.91 147.08 125.59 35.42 121.13 183.29 110.66 173.88 
118.382 99.4959 94.0081 101.081 68.065 37.5772 97.4228 160.398 98.9837 188.715 219.309 173.837 135.154 80.6341 149.976 120.13 106.236 213.333 78.7154 195.398 199.593 175.073 108.171 54.2927 202.472 196.675 146.154 98.0488 94.2602 197.675 92.6992 87.9675 
68.55 194.494 49.7687 198.706 128.425 202.881 147.188 189.769 161.837 42.7062 177.675 32.1188 159.688 201.312 64.7125 115.244 203.144 99.925 174.775 53.575 70.4563 79.8938 104.938 222.688 179.025 178.531 50.3125 112.806 79.525 26.7437 150.044 167.894 
0 0 0 0 0 0 0 0 0 0 0 0 0 0 0 0 0 0 0 0 0 0 0 0 0 0 0 0 0 0 0 0 
119.258 202.07 50.1484 187.719 89.8281 180.148 71.7891 217.367 145.625 38.8438 198.414 63.3203 116.305 201.289 61.875 139.047 195.883 201.039 195.633 134.594 82.3359 55.7188 139.727 177.477 212 218.688 62.5156 118.156 61.7969 36.0625 108.055 74.2109 
125.955 163.013 155.626 215.981 161.561 219.877 78.871 131.645 163.542 51.0516 159.426 36.2839 162.465 199.871 83.5226 121.187 178.942 125.219 220.955 44.2452 44.7548 83.4452 181.252 199.219 202.897 220.374 82.9355 130.245 165.226 60.5677 159.097 89.6258 
110.885 195.475 88.2705 185.041 96.5 147.434 88.1148 198.23 103.934 40.8934 204.287 168.549 123.656 177.32 116.82 90.7459 108.32 197.213 106.877 204.779 120.09 131.541 78.2131 120.811 227.492 198.131 149.967 150.615 78.3033 152.705 149.115 91.4672 
178.478 183.246 88.4493 108.957 174.42 143.928 142.565 147.681 169.362 75.8696 132.377 62.8261 162.043 140.449 91.913 86.7826 134.826 115.217 100.246 76.6667 221.449 135.464 142.275 85.5942 150.942 193.043 80.7971 72.8551 110.304 168.174 187.478 168.29 
129.11 158.43 180.42 217.21 199.32 85.04 168.97 227.36 128.38 164.67 213.63 39.85 132.96 183.61 81.38 78.7 165.63 226.72 109.11 194.24 134.26 180.64 154.2 176.88 176.86 208.83 179.15 71.17 168.53 201.55 200.04 125.91 
110.88 191.193 180.59 220.988 187.964 197.687 135.494 157.349 183.133 94.2289 183.217 56.6145 180.157 205.446 104.663 112.47 187.434 164.47 202.88 43.5542 170.867 97.6506 195.277 213.253 220.807 228.386 99.0361 211.012 157.747 130.458 177.422 131.084 
161.231 175.253 71.7582 204.538 144.418 113.571 122.648 170.055 147.253 72.7033 182.374 133.813 198.022 107.495 110.505 164.143 196.912 160.066 150.527 182.692 195.681 147.956 76.033 211.308 202.516 202.769 198.901 167.308 61.6374 118.769 188.846 73.8022 
74.7263 100.358 138.274 217.516 72.2 180.421 184.821 91.3789 185.958 145.874 198.568 28.4211 198.842 201.579 55 117.084 219.989 155.189 193.074 95.4421 71.6842 195.905 163.758 202.747 197.558 218.442 142.316 58.7684 78.4 58.3684 82.7263 156.726 
178.045 92.6292 151.213 216.64 70.236 59.5955 122.719 108.82 112.921 176.146 215.91 74.1236 178.91 101.067 63.9775 136.09 212.36 219.045 184.528 192.663 185.067 174.404 167.337 180.663 213.348 235.449 187.449 128.449 72.2584 197.584 99 89.618 
117.549 41.1275 192.627 203.147 157.059 76.6471 118.755 94.2647 100.069 142.294 209.118 74.598 117.529 100.304 88.3431 133.373 148.373 198.49 97.951 154.049 86.902 201.931 84.049 147.706 193.843 217.392 158.216 59.6569 197.676 212.373 174.118 64.9118 
121.186 108.798 47 201.69 67.9535 184.488 107.612 117.953 160.457 43.9225 189.496 50.3643 190.07 179.264 46 119.62 212.457 130.729 111.008 151.194 93.6202 153.372 51.1628 182.403 199.372 205.814 169.814 81.5349 51.7907 42.2558 116.736 67.6667 
47.4589 171.856 45.9726 214.89 153.39 184.027 126.315 161.692 88.1918 42.589 136.822 51.4247 181.151 157.651 66.5069 96.5205 198.89 48.8014 43.2671 67.3904 76.089 108.253 75.1438 126.836 195.233 171.363 121.726 104.582 106.616 42.3356 172.699 155.075 
118.101 180.955 124.337 174.753 91.0449 123.708 159.91 164.787 161.809 96.3146 171 42.6404 176.045 201.831 96.8876 109 180.663 192.191 144.067 169.82 72.5618 70 172.292 204.022 155.697 92.1348 176.315 89.2697 72.5506 65.191 127.798 84.9775 
58.5299 176.351 147.679 182.731 215.985 212.201 172.828 189.291 140.157 69.2836 100.037 57.194 157.007 214.761 105.761 71.7985 190.03 60.2239 184.187 44.7836 59.9478 83.3881 165.149 222.612 83.403 59.4254 93.7537 171.881 168.746 55.4925 154.5 188.858 
151.395 70.4884 91.9767 198.709 76.6512 172.663 111.105 78.3605 143.884 85.4535 199.977 123.512 131.291 178.093 65.9535 136.442 220.744 178.907 195.884 169.221 77.9186 58.2093 133.465 201.314 201.57 212.43 160.651 170.628 81.8605 59.6628 73.2209 101.151 
59.5104 156.656 94.6667 150.25 124.969 180.229 69.875 109.052 94.3646 86.0625 118.906 172.115 182.396 96.0417 112.729 101.76 153.125 51.6979 146.792 51.9792 114.458 162.427 96.5729 93.5104 190.5 195.167 92.3646 184.646 127.292 92.5833 105.833 140.896 
55.4528 91.4717 95.8679 213.387 92.4245 162.547 165.425 114.566 83.8208 59.5943 107.151 168.434 175.915 157.972 149.142 92.4151 132.604 87.3491 46.8113 151.736 122.34 161.509 41.5283 180.566 193.264 173.915 163.066 146.038 81.9245 145.321 91.4151 184.604 
164.278 197.961 221.133 219.494 219.333 172.228 224.706 233.344 165.5 208.933 229.517 150.917 204.55 231.761 174.372 155.639 217.794 231.656 221.272 175.117 206.233 195.794 201.328 239.083 203.589 199.594 201.75 190.967 156.472 222.211 200.767 205.239 
108.515 144.897 139.598 201.443 159.175 206.876 109.351 158.01 176.165 121.536 164.216 38.2474 197.99 205.959 67.7732 191.866 207.32 158.062 202.268 108.608 83.9072 172 108.33 215.536 186.577 213.948 180.577 103.577 145.402 89.3608 174.588 69.7113 
121.662 113.012 54.5375 169.875 51.8625 195.781 84.375 71.575 170.406 67.7688 164.9 34.6562 152.387 169.788 61.0938 82.8187 161.425 145.188 153.444 56.6625 54.55 69.3938 184.244 49.15 205.988 218.262 54.3563 91.45 64.3562 37.3 73.0375 83.925 
138.721 92.1154 72.3269 172.577 56.9231 73.0385 83.5673 58.8942 93.9615 162.048 179.058 52.4231 183.663 62.9423 51.3173 116.279 173.837 172.712 140.577 88.1346 73.0288 97.8462 210.221 79.2115 203.173 221.596 60.4038 81.1442 71.4038 113.808 58.6058 68.8269 
129.414 178.261 148.541 203.568 92.018 84.0991 103.874 185.18 133.414 199.55 185.441 127.027 200.207 203.081 111.937 141.748 191.225 215.775 213.811 187.613 155.333 80.2883 213.099 210.468 222.189 224.342 154.748 172.216 62.8378 149.414 69.3153 110.063 
158.411 155.169 185 208.177 168.065 181.806 101.887 186.75 167.073 209.548 163.581 41.0484 158.46 222.839 81.879 81.7742 176.073 200.419 231.218 51.5887 67.3226 109.597 207.137 197.226 213.008 211.774 94.0161 118.774 170.323 90.6452 116.105 117.887 
140.122 52.7551 172.83 181.034 110.143 99.2381 82.4354 39.585 169.83 187.476 160.374 40.6259 193.85 149.639 71.7619 96.8571 156.857 162.646 145.952 44.5238 56.932 112.748 199.844 50.5714 200.279 222.782 111.728 84.4422 161.197 129.32 86.2653 63.8299 



Result of Classification of Images 

Image Name 		 Class True  		 	 Class Predicted 
car_00090.jpg		Car		Car
car_00091.jpg		Car		Car
car_00092.jpg		Car		Car
car_00093.jpg		Car		Car
car_00094.jpg		Car		Car
car_00095.jpg		Car		Car
car_00096.jpg		Car		Car
car_00097.jpg		Car		Car
car_00098.jpg		Car		Car
car_00099.jpg		Car		Car
cat_00090.jpg		Cat		Cat
cat_00091.jpg		Cat		Cat
cat_00092.jpg		Cat		Cat
cat_00093.jpg		Cat		Cat
cat_00094.jpg		Cat		Cat
cat_00095.jpg		Cat		Cat
cat_00096.jpg		Cat		Cat
cat_00097.jpg		Cat		Cat
cat_00098.jpg		Cat		Cat
cat_00099.jpg		Cat		Cat
flower_00090.jpg		Flower		Flower
flower_00091.jpg		Flower		Flower
flower_00092.jpg		Flower		Flower
flower_00093.jpg		Flower		Flower
flower_00094.jpg		Flower		Flower
flower_00095.jpg		Flower		Flower
flower_00096.jpg		Flower		Flower
flower_00097.jpg		Flower		Flower
flower_00098.jpg		Flower		Flower
flower_00099.jpg		Flower		Flower


 End 

